### Age     Height      VR         VT           VZ           Vtot      Age_Error Height_Error VR_Error  VT_Error   VZ_Error  Vtot_Error
0.2498756  2.4891796  35.1722660  23.0778715  15.5322437  22.7957922  0.0706155  0.0003109  0.3802768  0.2923198  0.0391311  0.3323193
0.2549079  7.3284338  37.0388080  22.3474230  13.7711585  22.3974670  0.0706017  0.0009035  0.4477527  0.3134243  0.0691808  0.3062217
0.2516368  12.0146345  38.3889930  23.5287335  15.4200120  23.1941705  0.0671929  0.0013159  0.3309328  0.2880549  0.0883651  0.3305712
0.2494598  16.7008494  38.0230300  21.8658870  16.0033310  23.5218615  0.0722858  0.0018476  0.5562674  0.2167903  0.0928272  0.4787628
0.2520133  21.5322127  36.2474640  22.0187630  14.4480905  23.1301070  0.0665346  0.0024062  0.3354445  0.2708035  0.0986463  0.3460057
0.2545050  26.1602733  36.6805160  22.3013725  14.2385945  22.4515350  0.0656745  0.0033226  0.2968685  0.2512998  0.1126505  0.3441894
0.2524082  30.9607078  37.4945980  21.8673445  14.4746593  24.0180087  0.0654899  0.0037406  0.3302338  0.3417841  0.1316599  0.3042820
0.2538632  36.0193990  36.0393165  21.3004205  14.6350555  21.4789175  0.0654078  0.0043788  0.3939548  0.2598062  0.1141959  0.2832686
0.2567991  41.0542174  34.2687540  22.5771530  14.8256955  21.9299850  0.0705619  0.0050216  0.4814072  0.2708665  0.1405763  0.3479503
0.2558510  46.2438096  37.0780810  23.0648045  14.1619425  22.4620935  0.0715845  0.0054573  0.3165535  0.2482039  0.1728533  0.3843041
0.2622060  51.9400009  35.4026505  22.2859890  13.7292315  22.6553190  0.0726648  0.0057022  0.4659877  0.2639670  0.1525183  0.3278804
0.2578426  57.7733293  38.6863010  22.8755505  14.8855750  24.9367180  0.0689140  0.0072301  0.4447534  0.2347908  0.1921371  0.4060918
0.2572244  63.8275847  36.1322828  22.8510008  15.5316415  26.1447690  0.0714737  0.0079029  0.4004092  0.2897554  0.1837825  0.4864059
0.2649580  70.3390335  34.6647335  22.3646775  14.3405350  23.1688120  0.0716920  0.0094383  0.3496586  0.3350548  0.2015250  0.3699340
0.2595160  77.4450485  36.2315885  22.2692525  14.6099430  24.0289220  0.0777476  0.0099730  0.3528052  0.3712049  0.2319731  0.3715694
0.2624238  84.6869875  36.4669020  22.0745525  15.0962965  24.0239020  0.0785382  0.0110618  0.3913388  0.3515940  0.2229392  0.4077480
0.2624694  92.2237951  37.6229510  24.7700195  15.4893130  26.8721275  0.0805039  0.0130473  0.4970430  0.2831566  0.2671676  0.4272388
0.2683379  100.1586879  40.2458670  24.1354790  16.1552820  27.7244855  0.0794156  0.0145000  0.5624551  0.3098345  0.3437351  0.3892453
0.2678005  108.8176711  37.6634123  25.3346958  16.8427140  30.7080710  0.0807596  0.0150645  0.3824809  0.4241494  0.3778600  0.3709990
0.2645313  118.6507626  39.2693795  24.1663715  17.6532790  27.9253470  0.0949143  0.0172168  0.4134519  0.3526167  0.3388486  0.4192466
0.2748595  129.7861137  39.9370650  25.8065160  18.2619895  30.3321080  0.0914323  0.0191222  0.4017893  0.3432895  0.3323218  0.4737567
0.2698094  142.0859588  42.6909100  27.2528220  18.1742050  29.8217235  0.0916517  0.0213452  0.3157830  0.4087937  0.4037449  0.4429693
0.2707025  156.5817278  43.2640325  26.8087350  19.8360650  27.6547795  0.0967901  0.0237713  0.5328487  0.4054400  0.4285182  0.4449896
0.2706074  175.0774257  46.6332035  28.3112510  20.2558075  30.4274405  0.1012004  0.0284044  0.3094785  0.4446200  0.4640685  0.4041575
0.5058521  2.6731713  37.6225898  20.0216745  14.4610638  20.9803200  0.0761053  0.0003287  0.4102418  0.2861137  0.0345272  0.3310563
0.5056788  7.6283399  37.7946650  21.8597560  14.9119965  24.2740790  0.0757886  0.0007972  0.3415801  0.2988429  0.0715580  0.3271785
0.5015362  12.5683933  36.2845450  22.6031570  15.0609195  22.3262740  0.0791765  0.0013746  0.4087220  0.3493959  0.1358318  0.2651686
0.5038081  17.6570277  36.8184090  21.7324130  15.2820165  21.0412355  0.0795255  0.0019262  0.4562721  0.2675800  0.1258164  0.2919586
0.5026827  22.6133419  36.2994725  21.1418595  14.1787470  21.5235260  0.0781388  0.0024402  0.4387541  0.2581621  0.1173346  0.2487197
0.5024684  27.6525990  36.1639155  23.3933745  15.0235345  21.0608875  0.0745780  0.0030825  0.2839465  0.2743769  0.1233035  0.3051105
0.5008192  32.9234329  36.8744110  21.3341270  14.9622785  21.3412537  0.0718984  0.0036926  0.2708698  0.2554508  0.1563310  0.2511695
0.5082192  38.4230240  37.0158005  22.6243490  14.5039910  23.4836685  0.0744539  0.0044271  0.3441171  0.2996396  0.1043759  0.2940702
0.5065762  44.1838509  39.2845640  21.3054800  15.3485605  24.4350330  0.0750425  0.0051181  0.3766141  0.2926654  0.1732761  0.2204436
0.5065102  49.9560270  36.7232560  22.0660300  14.0142595  21.8394410  0.0766019  0.0057146  0.4722338  0.2428532  0.1364852  0.2860219
0.5046847  55.5967338  34.9036960  22.7037115  14.9903350  21.7421935  0.0746666  0.0062829  0.3478921  0.3078445  0.1731517  0.2905689
0.5009334  61.6639483  38.7193165  23.0808560  14.7331965  24.0150955  0.0807917  0.0074379  0.3043528  0.2520157  0.2015177  0.2992069
0.5057293  67.9341941  38.3016907  22.2943732  15.0959772  22.6846718  0.0704751  0.0078618  0.3820806  0.3748547  0.1737104  0.2971242
0.5067641  74.2748960  37.4614295  21.9172870  14.6313000  24.2426140  0.0775668  0.0091023  0.3867688  0.2541133  0.1998989  0.2688716
0.5040788  81.0341177  38.2198700  21.4950475  15.7108595  23.0850755  0.0799635  0.0102666  0.4634550  0.2938013  0.2249072  0.2684770
0.5080935  88.2650671  36.6828350  23.5659030  15.9676995  26.1210845  0.0777993  0.0114149  0.3938316  0.2801652  0.2379197  0.3269230
0.5056707  95.8689703  37.3368595  22.3209820  16.6672955  23.9527350  0.0795842  0.0120125  0.2980640  0.2422526  0.2456240  0.3000431
0.5023104  104.0522717  38.0322660  24.6723370  17.2140680  25.6973210  0.0750619  0.0129311  0.3837210  0.3108294  0.2738693  0.4171187
0.5131871  112.7108623  39.6616925  25.7569912  18.0975210  26.1545195  0.0796157  0.0140608  0.3681034  0.3471515  0.2715405  0.3194743
0.5061338  122.1294342  39.5713735  25.0366365  16.7674395  23.8663120  0.0759457  0.0156550  0.3271226  0.3108668  0.2596180  0.3127783
0.4985193  132.8134309  42.5579135  24.1008980  16.0810990  24.9536430  0.0826625  0.0173848  0.3960692  0.2946775  0.3577560  0.2948581
0.5065016  145.3064753  41.6594410  27.1807385  17.4301860  24.1387050  0.0844880  0.0196187  0.4319864  0.3261759  0.3081961  0.2892863
0.5083164  160.0828986  43.7692895  26.0362185  19.1506745  27.0319615  0.0821804  0.0226509  0.2311025  0.2888605  0.2938550  0.4230192
0.5031725  179.5298418  43.1312945  27.8679795  19.0605315  28.4706540  0.0864538  0.0265398  0.3686786  0.3009264  0.3565661  0.3320773
0.7960752  2.5799017  37.4158702  21.5546602  14.6088528  22.5853832  0.0697144  0.0002891  0.3058762  0.2534182  0.0322112  0.3150039
0.7974575  7.8166831  33.9105580  20.6356350  14.9033070  21.9046340  0.0643846  0.0008510  0.4537114  0.2157742  0.0531502  0.3001627
0.8021632  13.0098501  39.9367240  20.9950385  14.1310630  20.1292230  0.0696180  0.0015118  0.3892166  0.2872376  0.0767315  0.2546944
0.7969097  18.1114506  36.0045215  23.0093785  14.0166560  20.9228925  0.0673364  0.0019581  0.2401899  0.3141120  0.1113797  0.2584655
0.8032083  23.5760311  37.2146800  23.1847590  14.2457435  20.7213090  0.0698155  0.0024567  0.3202680  0.2715528  0.0786301  0.2863158
0.8008799  28.9195457  37.2436850  21.3178395  13.5699970  21.0699020  0.0694216  0.0030716  0.3181906  0.2498873  0.1021016  0.2790259
0.8032791  34.2771326  35.5459285  21.5381595  13.9828900  21.5999740  0.0643331  0.0037737  0.3098702  0.2533719  0.1241254  0.2946037
0.7990914  39.4980709  36.2162630  22.8596795  14.7474670  21.0355960  0.0666645  0.0042748  0.2527119  0.2449271  0.1139203  0.2879212
0.7986773  44.8125765  37.7090760  21.1867155  14.1799490  20.8548833  0.0683459  0.0048974  0.3452167  0.2573769  0.1405120  0.3240163
0.8013723  50.5975231  38.4434075  22.4924225  14.9201215  22.0312985  0.0734021  0.0056930  0.4043112  0.1956022  0.1525134  0.2778278
0.8014641  56.5055722  36.2602410  22.2457510  15.4422345  20.8519735  0.0672131  0.0062091  0.3093910  0.2346201  0.1470423  0.2199683
0.8006688  62.6048979  38.1147330  23.0553895  15.0479255  22.1666945  0.0656515  0.0070467  0.2673414  0.2894683  0.1966550  0.2747251
0.8033842  68.8435070  37.3230505  22.3886530  15.9864640  22.5052275  0.0668262  0.0078387  0.3158630  0.2752941  0.1746638  0.2867453
0.7975508  75.3951021  37.2233965  23.1887670  16.0310545  23.2309610  0.0652469  0.0083633  0.3203705  0.2541386  0.1494203  0.2589469
0.7979110  82.0528757  35.3290520  22.2663280  15.0555620  23.5709705  0.0698653  0.0103544  0.3153990  0.2942477  0.1797934  0.2508839
0.8061315  89.3325094  37.7242845  23.3864050  14.7090680  22.4719380  0.0635468  0.0103311  0.3331183  0.2805990  0.1939617  0.2703377
0.7971755  97.0541982  38.6183992  21.2324745  15.9231705  22.6515095  0.0659413  0.0112175  0.2976491  0.2122202  0.1970583  0.3404676
0.8026650  105.4796464  39.9628925  23.5112415  15.9005810  25.9043800  0.0670634  0.0125197  0.2822414  0.2031665  0.2292393  0.2402294
0.8007825  114.1478061  36.5103800  23.5107090  16.6028510  23.3092770  0.0660783  0.0136823  0.3088832  0.2558566  0.2147597  0.2976669
0.8009056  123.5101847  39.1430210  23.3586605  15.5258110  23.3164635  0.0655651  0.0154380  0.2292682  0.2396446  0.2302902  0.2805390
0.8043543  133.9448332  40.9714725  25.5733580  15.5575970  25.6159000  0.0680374  0.0168720  0.2785663  0.3106516  0.2327011  0.2517983
0.8061929  145.7129496  41.4462610  25.4426045  17.0651370  25.8058975  0.0651295  0.0189000  0.2412388  0.2797934  0.2991804  0.2509968
0.8046807  159.9525962  39.9473660  26.9405615  17.8639960  24.0877225  0.0703595  0.0212209  0.2762453  0.2371011  0.3169882  0.3222377
0.7996636  178.7994449  41.5483945  26.8051740  17.5780440  26.1866090  0.0735637  0.0248928  0.1959758  0.3239256  0.3060652  0.3900193
1.0873118  2.8570465  37.6407283  22.7811377  14.7955805  19.3500188  0.0676493  0.0003381  0.3161766  0.2444349  0.0171552  0.2304100
1.0897258  8.2035602  38.7623055  21.6914610  14.9532870  22.1342175  0.0670988  0.0009360  0.2562141  0.2619128  0.0713875  0.2309457
1.0874534  13.7543838  38.4890250  21.8707455  13.5747570  21.3523570  0.0653762  0.0014135  0.3295923  0.2389022  0.0774018  0.2969437
1.0851853  19.3450082  38.7212825  22.2592355  13.7750520  22.0927095  0.0642991  0.0020154  0.4796867  0.2368763  0.1105945  0.1949319
1.0908380  24.9906353  40.0340690  22.6192400  15.2319155  23.4154390  0.0642252  0.0026572  0.3212970  0.2039479  0.1341348  0.3235643
1.0880624  30.6068518  37.8790170  22.4596005  15.2310145  23.7533450  0.0659291  0.0033072  0.3171309  0.2821736  0.1202477  0.2655527
1.0895686  36.5995376  36.6397150  23.1851970  13.4953157  21.9305240  0.0641910  0.0038873  0.2892229  0.2165787  0.1584129  0.2406563
1.0900625  42.6023540  35.6682145  22.9433445  14.7882245  20.9260475  0.0638518  0.0044561  0.2719900  0.2410760  0.1083390  0.2813680
1.0856260  48.4573649  37.6240140  20.1784595  15.0030760  20.5285425  0.0646245  0.0051608  0.3335765  0.2038488  0.1430892  0.2741616
1.0881309  54.4076371  37.0083810  24.1451065  14.9570680  22.9489675  0.0678919  0.0059108  0.3145162  0.2455141  0.1771963  0.2931765
1.0901396  60.4887727  36.2569980  22.2951930  15.1625185  21.4495670  0.0677690  0.0065021  0.2674914  0.2351077  0.1578798  0.2449384
1.0852919  66.6249023  39.1390220  23.6998010  14.9254875  20.9507560  0.0646838  0.0071500  0.2727270  0.2409400  0.1483705  0.2639591
1.0899555  72.9313996  35.9560835  22.5694162  14.4236005  23.7623950  0.0657480  0.0079765  0.2614914  0.1954981  0.1911261  0.3090267
1.0910866  79.3649333  37.1615550  22.4452940  14.5563915  19.0542355  0.0631059  0.0086681  0.2330058  0.2066757  0.1562176  0.2061498
1.0888882  86.3976636  35.8920255  22.9592370  15.9187130  22.4078495  0.0660335  0.0096903  0.3146181  0.2409380  0.1902767  0.2841709
1.0924452  93.5145608  37.2331720  22.4050350  15.4209095  22.5418265  0.0668186  0.0105161  0.3246963  0.2802905  0.1771869  0.3461649
1.0948223  100.9017628  34.8589670  21.7250350  14.7845820  21.5549830  0.0655000  0.0117635  0.3549554  0.1951513  0.2220336  0.2257150
1.0937589  108.9557066  37.9342375  22.9509635  15.8697895  22.3888120  0.0654482  0.0128146  0.2492705  0.2555353  0.2189294  0.2314743
1.0986782  117.1737078  36.7407540  24.8473335  15.8701350  24.3209518  0.0660037  0.0134852  0.2399453  0.1801941  0.1837367  0.2487820
1.0994080  126.3074035  40.0467415  24.8199555  16.5306915  24.6467020  0.0650474  0.0154324  0.2712853  0.2384645  0.2340681  0.2808484
1.0970308  136.2692509  40.8683200  25.1589530  17.7522470  22.4438605  0.0703628  0.0169942  0.2731307  0.2000536  0.2487373  0.2342354
1.0903637  148.1082790  39.4051335  26.7464275  16.1634955  23.6305045  0.0675816  0.0191560  0.2718892  0.2172500  0.2616524  0.2468745
1.0909812  162.4504575  41.1284465  27.6747120  17.0081740  24.5434290  0.0695355  0.0216835  0.2728298  0.1824500  0.2517813  0.2185891
1.0956437  180.9047642  44.9812355  26.3609955  18.9246295  26.4744990  0.0663301  0.0240031  0.4011512  0.2792050  0.2863706  0.2993554
1.3736752  2.7113675  39.3287385  22.4414542  14.4263940  21.9858593  0.0636662  0.0003227  0.3928336  0.2307710  0.0232341  0.2140024
1.3771775  8.1265409  38.5281615  23.1404725  14.6403175  22.4906935  0.0677162  0.0008362  0.3472697  0.2644333  0.0425457  0.2454796
1.3809514  13.6228673  37.2174795  21.0548095  15.3484950  23.1379865  0.0621325  0.0014278  0.3171101  0.2314774  0.0676376  0.2042285
1.3782104  18.9478194  37.7646895  22.8717155  14.8098625  23.0357265  0.0661448  0.0019729  0.2617509  0.2631480  0.1171028  0.2754776
1.3791497  24.0648222  37.8890875  22.5276095  16.2006785  21.3708165  0.0647426  0.0025257  0.3614701  0.2498779  0.0923055  0.2315243
1.3738267  29.4118452  38.0716735  23.3373050  15.4101650  22.2864675  0.0639755  0.0032317  0.4584564  0.2377871  0.1039315  0.2834411
1.3705774  35.0735604  38.3120732  22.4796948  16.0867707  20.3524510  0.0660942  0.0039901  0.2886225  0.2400489  0.1176168  0.2003947
1.3779774  40.5591810  34.6946940  23.2606350  14.6866300  22.9001515  0.0660267  0.0042616  0.3392006  0.2386115  0.1309864  0.2054528
1.3800901  46.2608781  36.7031945  21.9831450  15.0143045  22.7342665  0.0668385  0.0047211  0.3167343  0.2739241  0.1455993  0.2330810
1.3818901  52.3054350  37.4959550  22.8882185  14.5262945  22.4767435  0.0642421  0.0055591  0.2374397  0.1771130  0.1318783  0.1892968
1.3810476  58.3512830  38.2531845  23.3961830  16.2453780  21.5723410  0.0675350  0.0062617  0.2975905  0.2257314  0.1517813  0.2832912
1.3792273  64.1976481  40.4192140  22.7773840  15.6239960  23.9261800  0.0645879  0.0071760  0.3043491  0.2177079  0.1752741  0.4630163
1.3782608  70.5682895  35.9683592  24.1874190  15.6674533  22.2631023  0.0669432  0.0076973  0.2841761  0.2134602  0.1913877  0.2490156
1.3792839  77.1095398  39.9017945  22.3057025  15.7954410  20.5111040  0.0635392  0.0085973  0.2815060  0.2020646  0.1710409  0.2194043
1.3809418  83.7147896  38.1097555  21.8678595  14.8537505  22.6718335  0.0628754  0.0091645  0.3189062  0.2336298  0.1703433  0.2077061
1.3781436  90.5340273  37.5098310  23.7675110  15.8574110  22.7112905  0.0623929  0.0103288  0.2468181  0.2071999  0.1851250  0.2326594
1.3796156  98.0648631  39.6675840  23.2556760  14.8963600  22.6779095  0.0668236  0.0112952  0.2926804  0.1831649  0.1854067  0.2503111
1.3779823  106.0765313  38.3910210  23.8268880  16.0327620  23.2959455  0.0650343  0.0123832  0.2670392  0.1892833  0.1899485  0.2502732
1.3863442  114.5664743  40.5477222  24.7306430  16.6881685  20.6635955  0.0649047  0.0137263  0.2892322  0.2480723  0.2201711  0.2906192
1.3802571  124.0993661  41.2363245  24.9641000  15.9936255  24.1145790  0.0613919  0.0156765  0.2735793  0.2684991  0.2317505  0.2444943
1.3829050  134.9246430  40.1412370  25.2501360  17.3365910  24.3756730  0.0653594  0.0176627  0.2802202  0.2638242  0.2284314  0.2534046
1.3832022  146.8824220  42.8971295  23.2911030  15.7783235  25.4829860  0.0679068  0.0189713  0.2471411  0.1699836  0.2408858  0.2015415
1.3870284  161.0821421  40.9510150  26.4360195  17.8631545  25.1657480  0.0664901  0.0217789  0.2542072  0.2429709  0.2516673  0.2192232
1.3876719  180.1921742  41.5953390  25.9567600  18.0003810  25.9113190  0.0659915  0.0243811  0.2560151  0.2239072  0.2758981  0.1967279
1.6838849  2.6760566  39.6943065  21.9699140  16.5898438  22.8687175  0.0625054  0.0003165  0.2781850  0.2428272  0.0508142  0.2125622
1.6835620  8.1572630  40.1550080  23.8375700  16.9456770  22.7547305  0.0639726  0.0008487  0.2810101  0.2557819  0.0727313  0.2082098
1.6783560  13.3261236  37.8761945  22.7272590  14.8725950  22.0326440  0.0655518  0.0014031  0.3027125  0.2397801  0.0756085  0.2991225
1.6799054  18.4439864  40.6084760  21.8677960  14.9429255  22.5922095  0.0626508  0.0019146  0.2685751  0.2331555  0.1060507  0.3044691
1.6775162  24.0573745  39.1720850  22.3424390  14.8786305  23.0197520  0.0648513  0.0024203  0.3027695  0.2223121  0.1286976  0.2483793
1.6828697  29.6584391  39.5438885  23.6468255  16.1172685  22.8006790  0.0635276  0.0030144  0.3245914  0.2366492  0.1089779  0.2039640
1.6739602  35.1047633  38.3651335  22.3310823  15.5288880  22.7199652  0.0621522  0.0035509  0.3105917  0.2457130  0.1441189  0.2831233
1.6811807  40.6475246  40.7129350  23.3958355  17.0243360  21.6597005  0.0657201  0.0041330  0.2328012  0.2224737  0.1217373  0.2399351
1.6790769  46.6002245  36.5272020  23.1398165  15.2062630  23.3865890  0.0645956  0.0049312  0.1982543  0.2265126  0.1201253  0.2944229
1.6753055  52.1792404  38.8863405  23.5251850  14.6552265  22.5793860  0.0620698  0.0056418  0.3119954  0.2373306  0.1448543  0.2701243
1.6752717  58.2687635  37.4646185  22.3309090  15.8261730  23.5309260  0.0646998  0.0060891  0.2559352  0.2008899  0.1598378  0.2464632
1.6749978  64.5924868  38.3174865  22.6809950  15.9809905  23.8046250  0.0679577  0.0073713  0.3181166  0.2341876  0.1730252  0.1784625
1.6767391  71.1952942  36.7701527  25.4131893  15.7764595  24.2704905  0.0671609  0.0075694  0.2636190  0.2268194  0.1685082  0.2214874
1.6752029  77.5566667  39.2570650  24.3176240  14.8242615  24.8850145  0.0602986  0.0085894  0.2484646  0.1972079  0.1763102  0.2672040
1.6779654  84.5878173  37.3332245  21.6865140  16.4065690  23.2876115  0.0677260  0.0096259  0.2519866  0.2387413  0.2048876  0.2998497
1.6794014  92.2393201  37.5524750  24.9529460  16.5724385  24.9022585  0.0646863  0.0099804  0.2500981  0.2173045  0.1971495  0.2239127
1.6764249  99.5545519  43.7096270  25.9788085  16.1739035  25.8266735  0.0653491  0.0113422  0.3163834  0.2496938  0.1792671  0.2565105
1.6775070  107.6155356  41.4218835  24.0988750  16.1146365  23.4006295  0.0648231  0.0122139  0.3976679  0.2191560  0.1780400  0.3332013
1.6717257  116.6633672  41.3403167  24.1391392  17.3151187  25.2592490  0.0645525  0.0137407  0.2949166  0.2573531  0.2389566  0.2552635
1.6723677  126.0941369  39.7929565  23.8590775  17.9298900  24.7234255  0.0641013  0.0151964  0.2147027  0.2407294  0.2097576  0.2421736
1.6723656  137.0402275  40.7363440  24.9804460  19.1930080  25.9015550  0.0645856  0.0169933  0.3595000  0.2065361  0.2297597  0.2281507
1.6762240  150.1290613  42.6311215  26.4582310  18.1477000  23.4520145  0.0663462  0.0192591  0.3204790  0.2229553  0.2602337  0.2495217
1.6762996  164.4647241  43.3397020  26.8711410  18.0375040  28.1580140  0.0671687  0.0213366  0.3602510  0.1956371  0.2449241  0.2437679
1.6787907  182.0852508  42.1656200  25.3907225  18.8420080  26.5085120  0.0699617  0.0247100  0.2443397  0.1797831  0.2822808  0.2726145
1.9845871  2.5461895  39.9178282  21.8951273  16.5195498  24.9344710  0.0654469  0.0002937  0.3147184  0.2072566  0.0261612  0.2243457
1.9861492  7.9112257  34.4698725  23.2346640  16.5060140  23.8279785  0.0646854  0.0007603  0.3651818  0.3281884  0.0627558  0.3046095
1.9874782  13.2165894  37.8268960  22.7207535  15.9972045  25.1744060  0.0656514  0.0012931  0.3056605  0.2141479  0.0796966  0.2053520
1.9921265  18.4787190  40.2906020  23.0942040  15.7020715  23.8607815  0.0680377  0.0017239  0.2917383  0.2408632  0.0609784  0.2809816
1.9894693  24.0393699  39.8984920  22.8605020  15.6195740  25.3178690  0.0641073  0.0023903  0.3397449  0.2003700  0.1083227  0.3091345
1.9886080  29.7771632  38.5963645  22.1565480  15.8479245  22.0600115  0.0640107  0.0029203  0.3717028  0.2261711  0.1185363  0.2326572
1.9871793  35.3973542  37.0644240  24.0460355  15.2317205  24.2765980  0.0676937  0.0037493  0.2379770  0.2078434  0.0987494  0.2764951
1.9913130  41.3160692  38.0784305  23.1088600  15.4983525  24.7728600  0.0622922  0.0041162  0.3426286  0.2194762  0.1831515  0.2255842
1.9823632  47.4898406  38.4522022  22.2200292  17.9306498  22.9763483  0.0642078  0.0046689  0.2812740  0.2349865  0.1314039  0.2031602
1.9834120  53.9428469  38.7689340  23.7388465  16.3998385  23.0600740  0.0639452  0.0053366  0.2267344  0.2576731  0.1597993  0.2228494
1.9838822  60.3779564  41.4446710  24.4414750  16.3563040  24.6534535  0.0644524  0.0065113  0.2890323  0.2505263  0.1915664  0.2346305
1.9889308  66.8208448  38.1677980  24.0470635  16.8890750  23.8168990  0.0635996  0.0070936  0.3333841  0.2746983  0.1951867  0.2457290
1.9849886  73.3569495  38.4759815  23.4858720  15.3209015  25.7331485  0.0644001  0.0076907  0.2609566  0.2668840  0.1879919  0.1959828
1.9871189  80.1874985  39.0440670  24.5953380  16.7531975  23.8937020  0.0670697  0.0080150  0.3265338  0.2248787  0.1636451  0.2177071
1.9830164  87.1261803  39.4165525  23.4069265  16.3498050  24.2526285  0.0659439  0.0094593  0.2786593  0.2200691  0.1706999  0.2117698
1.9850523  94.6758321  41.5012260  25.0289045  17.1387800  24.1602995  0.0637307  0.0107615  0.3202231  0.2333424  0.2084741  0.2468930
1.9877133  102.4703691  38.9787812  25.6774415  18.4407025  24.3714933  0.0639182  0.0119763  0.3277632  0.2199245  0.1823056  0.2561666
1.9848386  110.1777534  37.9823600  27.2462140  16.9572495  26.6065770  0.0639045  0.0126803  0.2600571  0.2527983  0.2110262  0.2491569
1.9865159  119.0517481  42.1199090  25.3996605  17.6017565  24.2504000  0.0627471  0.0142880  0.2827330  0.1917496  0.2119354  0.2768698
1.9835092  128.9277367  41.4479935  25.4141930  17.6031470  26.5417945  0.0658509  0.0163397  0.2434521  0.1772400  0.2072732  0.2292687
1.9831224  139.5001649  42.5098710  25.8486460  17.4660885  25.8188540  0.0595434  0.0169895  0.3114286  0.2382369  0.2362667  0.2571739
1.9865301  151.7195087  42.6833435  26.6656155  18.3257540  27.0974765  0.0630957  0.0193962  0.2129723  0.2002254  0.2457268  0.3013615
1.9796998  165.7052934  43.8274800  28.3252395  18.2781620  26.0525180  0.0642462  0.0212854  0.2311501  0.2059293  0.2834427  0.2082037
1.9845828  183.6519027  45.0080185  27.3609390  19.4381060  28.0845255  0.0668545  0.0247158  0.2224170  0.2026717  0.2761262  0.2797790
2.3095048  2.7212839  41.7334017  24.8815662  16.5365612  25.4094383  0.0661707  0.0002944  0.2996502  0.3374918  0.0174345  0.2854260
2.3070496  8.2813419  39.3537190  23.6137800  15.0448025  25.4314485  0.0661893  0.0007754  0.3091582  0.2601007  0.0684800  0.2688194
2.3061524  13.7956333  40.3740670  22.3759635  17.4174525  25.6448250  0.0655550  0.0012874  0.2884510  0.2089863  0.1025155  0.2557488
2.3122980  18.9993603  42.6539320  24.2710785  16.2982775  27.8217565  0.0638739  0.0018964  0.4991962  0.2228670  0.0966739  0.2825203
2.3046999  24.5171372  40.9880945  24.6519490  15.9259805  28.0449390  0.0639051  0.0024041  0.3871476  0.2057334  0.0944980  0.2610964
2.3117671  30.0005715  41.5180970  25.5856480  16.1538790  27.1820600  0.0667064  0.0030380  0.3587795  0.2776967  0.1507389  0.3073163
2.3083837  35.4568169  39.0125778  23.1947277  17.4858785  23.1960727  0.0615508  0.0035836  0.2365001  0.2232883  0.1151549  0.2453477
2.3029511  41.0607869  37.5738200  23.8204745  16.5988815  24.3637950  0.0656823  0.0040375  0.2542088  0.2035641  0.1353147  0.1984400
2.3012939  46.6584222  37.3166415  24.2026060  16.7429405  22.5396050  0.0667337  0.0046375  0.3051942  0.2889488  0.1390116  0.2194228
2.3111846  52.7538986  39.8200650  25.7278580  16.6388785  24.0923990  0.0637340  0.0052437  0.2631145  0.2600996  0.1528877  0.2698679
2.3121664  58.8626981  40.1938350  23.2337110  17.0866500  27.3035665  0.0671156  0.0059946  0.2864784  0.2786296  0.1717251  0.2396493
2.3116878  65.2726125  42.8804965  24.2569480  16.9319870  27.1814730  0.0653549  0.0068187  0.4203841  0.1989188  0.1512656  0.2373410
2.3079214  71.6657144  40.6353503  24.3358942  16.8718658  24.6599540  0.0624190  0.0074825  0.3006186  0.2281410  0.2152131  0.2479025
2.3131354  78.5700402  41.1048325  27.2379670  18.2696080  26.5500610  0.0626866  0.0082879  0.2358910  0.2329936  0.1443390  0.2311362
2.3178153  85.6670601  40.3267650  26.5145025  17.3868555  25.8867640  0.0604700  0.0089068  0.3390491  0.2782730  0.2270621  0.2617428
2.3174387  93.0408076  41.8946120  23.9004365  18.4493655  28.2976580  0.0621516  0.0099803  0.2943720  0.2539368  0.2545147  0.3387152
2.3138142  101.2184654  42.3796700  25.5903680  18.6871535  26.5583480  0.0621710  0.0111847  0.2263576  0.1825883  0.2243940  0.3206681
2.3103349  109.6025347  41.4768410  26.8667605  18.6430180  27.5367470  0.0651901  0.0127704  0.2895099  0.2289521  0.2384990  0.2615979
2.3184774  118.3346054  40.8075098  25.5157972  18.6383410  25.2897123  0.0630891  0.0135705  0.3052846  0.1859168  0.2391861  0.2159284
2.3201541  127.7710760  41.4925265  29.4037410  18.7061660  25.8018765  0.0636951  0.0148404  0.3390098  0.2337781  0.2279877  0.2803479
2.3122232  139.0188211  45.4068945  28.4915685  19.7346355  29.6118885  0.0664304  0.0161966  0.2887424  0.1985785  0.2284818  0.2472538
2.3166223  151.8307126  45.4532205  27.0427480  19.5511600  27.7150075  0.0617012  0.0185490  0.2636971  0.2538514  0.2954275  0.2505396
2.3190005  166.5736235  44.2392190  27.5814095  19.9498760  26.5250245  0.0622987  0.0210033  0.1891813  0.3172194  0.2743958  0.1986953
2.3178047  184.8905867  47.4382320  27.6477015  19.9325290  30.0302460  0.0635755  0.0252892  0.1963594  0.2339926  0.2872109  0.2041601
2.6690695  2.6123578  41.3954478  24.5053353  17.3838715  26.3049280  0.0621640  0.0002931  0.2938362  0.2145133  0.0386084  0.2695055
2.6697654  7.6352372  39.1088795  24.5095005  17.8402005  25.1871185  0.0634200  0.0007766  0.2727717  0.2114046  0.0450075  0.2209724
2.6638086  12.7726332  39.4818060  24.2999495  18.6054715  25.0309010  0.0628496  0.0012445  0.2707848  0.2940995  0.1058108  0.2357117
2.6617466  17.7093802  40.7809675  24.5071545  16.8101390  25.2714570  0.0618540  0.0016691  0.2977547  0.2607360  0.0499113  0.2795620
2.6647357  22.7291194  44.0677400  24.0479805  16.7788705  27.4212130  0.0613273  0.0022051  0.3549070  0.2817361  0.0960615  0.2264057
2.6623794  28.1627608  40.6222050  24.1062715  17.7449025  26.1878375  0.0579188  0.0027317  0.3674425  0.1874242  0.1097524  0.2292480
2.6680514  33.7733915  41.3600828  24.6202412  19.0126025  28.5874485  0.0589026  0.0033765  0.3524683  0.3031744  0.1252736  0.2857717
2.6709991  39.3038029  42.7398085  23.8366815  17.7022335  28.5431895  0.0616750  0.0039692  0.3573074  0.2336192  0.1231494  0.3101840
2.6640230  44.6850276  40.7367080  25.5825535  17.3986625  23.7873440  0.0611654  0.0046320  0.3165332  0.2472667  0.1332883  0.2357474
2.6724021  50.3118905  41.1159045  25.5029875  17.8640810  26.9676685  0.0601144  0.0048830  0.3283145  0.2153036  0.1793675  0.2427133
2.6670150  56.0510265  42.7341215  25.3198760  18.4957385  26.9721560  0.0614864  0.0056680  0.2628900  0.1814333  0.1181582  0.2634111
2.6638906  62.0262644  42.7642565  25.3553700  18.2191120  26.1107625  0.0594541  0.0064076  0.2833749  0.2176042  0.1927733  0.3024595
2.6622263  68.5181255  40.4920548  24.6176738  17.2916965  27.3887523  0.0603236  0.0070375  0.2500854  0.2432392  0.2071667  0.2653127
2.6707495  75.3364271  39.2603855  26.7608160  17.7659340  26.0595050  0.0638279  0.0078690  0.2473726  0.1741465  0.1629010  0.3017725
2.6586255  83.0244038  41.2800005  25.7940935  18.6778970  26.7756210  0.0591494  0.0086718  0.2411064  0.2218654  0.2111302  0.2667326
2.6654490  91.0911300  45.9990540  25.6069185  18.1602550  24.8999430  0.0616223  0.0098990  0.2968477  0.2167845  0.2007429  0.2119203
2.6711902  98.7540400  44.5704040  26.0829295  18.7854430  25.6950320  0.0613702  0.0109772  0.3443655  0.2836010  0.1925774  0.2757869
2.6602245  106.8358544  46.3058735  27.2472995  19.3802810  27.1936995  0.0607020  0.0119560  0.2946716  0.2474671  0.1921568  0.2325948
2.6660518  116.0769520  44.0088410  25.3965530  18.7814225  28.2456850  0.0619432  0.0137169  0.2645947  0.1822946  0.2143520  0.2430927
2.6695081  125.7347005  44.3198090  27.5051580  19.3128405  28.0468665  0.0590866  0.0161246  0.2772638  0.2732054  0.2044004  0.2275278
2.6655879  136.7595610  43.6001440  29.0772975  20.9428400  27.9545755  0.0588876  0.0166743  0.3729608  0.2728688  0.2793379  0.2267535
2.6745618  148.9975656  45.9804335  25.9144380  21.2307885  28.4073475  0.0616940  0.0184823  0.3297019  0.1824902  0.2576582  0.2560342
2.6732467  163.5727282  46.9418865  28.3098140  20.7764385  27.9378200  0.0627822  0.0211939  0.2263955  0.2487236  0.3067187  0.2524119
2.6667291  181.8716813  43.2398005  29.8132280  20.2229325  28.5182685  0.0598074  0.0243657  0.3563606  0.2489919  0.2535429  0.1730305
3.0612866  2.7774988  43.6517045  24.5767918  19.5929980  25.2815683  0.0666785  0.0003040  0.3275504  0.2951233  0.0356489  0.2758013
3.0537444  8.1940216  42.5045495  25.2647210  17.9309650  27.2403720  0.0654125  0.0007929  0.2502729  0.2507056  0.0472207  0.2374192
3.0570735  13.7153966  45.4245405  25.0010150  18.3768755  28.4587405  0.0640551  0.0013651  0.3533067  0.3572884  0.1196913  0.3094070
3.0575174  19.2293518  39.5905550  22.7069565  18.8420790  28.1029385  0.0632476  0.0018695  0.3146160  0.3046209  0.1058103  0.2610985
3.0546042  24.7701738  44.0413635  27.2097775  18.1032265  29.3417965  0.0635722  0.0023085  0.3129810  0.2781732  0.1253061  0.2725361
3.0607246  30.3994646  43.6687130  24.6760015  19.6024810  28.2343835  0.0656000  0.0028436  0.3455312  0.2479145  0.1406627  0.1900365
3.0516325  36.0436093  45.7985300  25.1845645  17.8194710  28.3471490  0.0613470  0.0035384  0.3323422  0.2534108  0.1321494  0.2211035
3.0644373  41.6808726  42.3512585  24.5137085  18.4233065  28.5507180  0.0621439  0.0041315  0.3502762  0.2332833  0.1382489  0.2413198
3.0553608  47.6495740  44.2082903  25.1029753  18.7111453  29.3074517  0.0618828  0.0048906  0.2920544  0.1905257  0.1912615  0.2423719
3.0568140  53.5144434  40.0356645  29.3189115  18.8391025  28.8845875  0.0622303  0.0054210  0.3222933  0.2692966  0.1455472  0.2366689
3.0574769  59.7505457  42.0194020  26.1782970  20.0131045  28.6063955  0.0619850  0.0062421  0.2958980  0.2488037  0.1782974  0.2346166
3.0548505  66.1984600  45.1182745  25.8353455  19.5489575  28.1811860  0.0634973  0.0068194  0.3385787  0.1964413  0.1648877  0.2219135
3.0482562  72.7807962  40.8153900  26.4304260  20.0569535  25.0817475  0.0604737  0.0075140  0.2827996  0.2725028  0.2134335  0.2732849
3.0423541  79.5466873  46.3904415  26.1139615  21.2379240  29.9899715  0.0617391  0.0084405  0.2481231  0.2212514  0.1863811  0.3091705
3.0536006  87.0325210  44.4865010  27.5303250  20.0015520  29.0147825  0.0649288  0.0093576  0.3547205  0.3436949  0.2093309  0.2674308
3.0455352  94.7221424  42.4049795  27.8829945  19.6596050  27.8544820  0.0610929  0.0103930  0.2211908  0.2216029  0.2104461  0.2400503
3.0503488  102.5756860  43.4875193  25.7300543  20.6604782  28.1410110  0.0609627  0.0113067  0.2418677  0.2119176  0.1770604  0.2576947
3.0461394  110.8623866  43.5723760  28.4190840  19.5880755  29.1085125  0.0614186  0.0130232  0.3343278  0.3104755  0.2541696  0.2298700
3.0540339  119.5305944  46.3087720  28.2862380  20.8368375  29.5242435  0.0611163  0.0141384  0.3105433  0.1862872  0.2281215  0.2267699
3.0484174  129.2239285  44.3105070  31.5138355  21.0024110  28.9424465  0.0615006  0.0155027  0.3381317  0.2821536  0.2547251  0.2717345
3.0437624  140.2628365  45.2435000  31.6600430  20.4876970  30.5728485  0.0621258  0.0169754  0.2049458  0.2172868  0.2512903  0.3129795
3.0445312  152.4651873  44.0811665  29.3981985  22.2635820  29.2517480  0.0568005  0.0190284  0.2648154  0.2825311  0.2836962  0.2670377
3.0498911  166.5896011  44.8840255  27.0661195  22.6544725  27.7895365  0.0637216  0.0220800  0.2231451  0.4220733  0.2547200  0.2474249
3.0483894  184.3377811  49.2535400  30.5716295  21.9369210  30.0230775  0.0615778  0.0244231  0.1711178  0.2581011  0.2508501  0.2240745
3.4746348  2.7456344  41.1700675  26.4984077  20.5968505  28.2336530  0.0604422  0.0003038  0.3765392  0.3431039  0.0235484  0.2769433
3.4739665  8.4511491  43.9976020  25.8813575  20.1259560  28.0310375  0.0604391  0.0008477  0.2936050  0.2844348  0.0797838  0.2322146
3.4781511  14.1993919  44.3866160  27.6418710  20.6521520  29.1188780  0.0609272  0.0013730  0.4002656  0.2736764  0.0809412  0.2353402
3.4805141  19.9149555  45.4775360  24.1451015  18.6802360  26.7866745  0.0661357  0.0019724  0.2619496  0.2509906  0.1227961  0.2251182
3.4733209  25.6973882  42.6026830  24.5513885  19.0858875  28.2149725  0.0628994  0.0024087  0.3483104  0.2672932  0.0923816  0.2855500
3.4745897  31.4226328  46.3663605  26.0919715  19.6768250  27.3115980  0.0603383  0.0029849  0.3121416  0.2276261  0.1643870  0.2245328
3.4744800  37.2167532  43.3340538  25.8279742  20.0938160  28.8607370  0.0599057  0.0035720  0.2592116  0.2354292  0.1685932  0.2206786
3.4788017  43.2277805  46.5844410  26.9361125  19.1932555  29.7220110  0.0587052  0.0044170  0.2898803  0.2942524  0.1395935  0.2186788
3.4771628  49.4116296  45.2012005  26.2297925  18.2986555  28.2956690  0.0669346  0.0046942  0.3396994  0.2035133  0.1508670  0.2646571
3.4729512  55.6344425  43.6560395  26.4078305  20.4579490  29.1766500  0.0603675  0.0055440  0.3539162  0.2533820  0.1964104  0.2713996
3.4743722  62.2515602  47.5821580  28.1950285  18.5641405  28.4052240  0.0583126  0.0064569  0.3406031  0.3136999  0.1352004  0.3039101
3.4749235  68.9821705  43.8606985  30.2752490  20.7871100  29.9809560  0.0638178  0.0074814  0.2986671  0.2482057  0.2069248  0.2463445
3.4790417  76.0693921  45.1237290  25.7165050  20.0811290  29.9886535  0.0599743  0.0079139  0.2331504  0.1983258  0.1880707  0.2456596
3.4820749  82.9926350  46.0654500  27.5355370  19.8810405  30.8988290  0.0620151  0.0090205  0.2401085  0.2563250  0.1873399  0.2948789
3.4728640  90.1594061  45.6571090  29.6567765  21.4966485  29.9249880  0.0626121  0.0098729  0.1912938  0.3449697  0.1754016  0.3270865
3.4817321  97.5996321  45.2151275  27.7331865  20.2812070  30.4545030  0.0609432  0.0106320  0.2577619  0.1825494  0.2183290  0.2871780
3.4808448  105.2309119  46.8012200  28.5393170  22.4114255  28.7270455  0.0575213  0.0118335  0.3281028  0.2223214  0.2788269  0.2773771
3.4744306  113.8517879  49.5471715  29.8703150  20.1898890  29.7249330  0.0576549  0.0127869  0.2696328  0.2231841  0.1882445  0.2534521
3.4750703  123.1233294  47.9443630  30.7919553  21.9772280  30.2727497  0.0606532  0.0141438  0.3960523  0.2971651  0.3081034  0.2587842
3.4757363  133.0486367  45.9057315  31.5055640  21.2600055  30.5243770  0.0589664  0.0165138  0.2706415  0.2628515  0.2592738  0.3103822
3.4751650  143.6491782  48.8387855  31.7531465  22.1521725  29.1609440  0.0606348  0.0179638  0.2057056  0.2932196  0.2654994  0.2115098
3.4749796  156.0378832  47.9750285  31.4267030  20.6423945  29.2890330  0.0550370  0.0199651  0.2412160  0.2172954  0.2367339  0.2562608
3.4726754  169.8354796  48.6704195  32.9851765  23.1650605  31.2343160  0.0605085  0.0230210  0.2766265  0.2715455  0.2527195  0.3221688
3.4779052  187.4066243  51.4453630  34.4228325  22.5458265  30.8977505  0.0622148  0.0249294  0.2600144  0.2332770  0.3154470  0.2400715
3.9649776  2.8125435  43.9579107  27.0017143  20.0976112  29.6238303  0.0625932  0.0003233  0.4940311  0.2129523  0.0368241  0.2909206
3.9708941  8.4268261  47.0991440  27.2895395  19.3942115  30.9580110  0.0669616  0.0007876  0.3764900  0.3484180  0.0956687  0.2852696
3.9674117  14.1566262  44.0463485  25.1436185  19.0728440  28.8521115  0.0632478  0.0013749  0.3274868  0.2476079  0.0706642  0.2115793
3.9718398  19.8932563  45.6126040  25.3074975  19.9403320  29.7917320  0.0662087  0.0020190  0.3148987  0.2831123  0.1319742  0.2107622
3.9726455  25.3980622  45.0523060  26.5890070  20.9920440  30.7954430  0.0675446  0.0025941  0.3614458  0.2680145  0.1310036  0.2749594
3.9753204  31.0282920  46.6297930  28.7404220  21.0509085  30.9303620  0.0586026  0.0029749  0.2558175  0.3392865  0.1186265  0.2657544
3.9719981  36.6004280  45.3334105  27.0108355  21.0765310  29.8705445  0.0559788  0.0035301  0.2534282  0.2173815  0.1895720  0.3438873
3.9721949  42.4454707  44.8087015  27.2469370  19.8824220  29.7587950  0.0629434  0.0041998  0.3723468  0.3208300  0.1700992  0.2482478
3.9762794  48.5259716  44.7818815  26.9062070  21.0535930  31.0113445  0.0638994  0.0049654  0.4265662  0.2820886  0.1304454  0.2558375
3.9726359  54.6108537  45.8803195  25.3282315  19.9190130  26.7802730  0.0606045  0.0056266  0.2990956  0.2893710  0.1797801  0.2663478
3.9740187  61.1426674  44.2402350  29.1545270  20.7037480  31.7470370  0.0609470  0.0061776  0.3509834  0.2952808  0.2127262  0.2183960
3.9912926  67.5815839  43.7894770  28.9136955  19.0509640  27.8813900  0.0595974  0.0069804  0.2795644  0.2248446  0.2109308  0.2254247
3.9839881  74.2730774  46.2587625  27.0637425  20.8457690  29.5140820  0.0602888  0.0077900  0.4086018  0.2421160  0.1704858  0.3331902
3.9869677  81.2982284  50.1301330  28.2046450  21.3145800  30.8945280  0.0609131  0.0089506  0.3320620  0.2645356  0.1982407  0.2497047
3.9720961  88.6446863  45.3390110  32.2961700  20.7834235  31.6082720  0.0611052  0.0096613  0.2604362  0.2166799  0.1984540  0.2370397
3.9806992  96.1838189  43.4012810  29.2168650  23.6796035  30.5116835  0.0615699  0.0106651  0.2852528  0.3121438  0.2229545  0.2677600
3.9743678  104.5360599  46.5268065  32.5799955  22.1156525  29.7098240  0.0625693  0.0114286  0.3085895  0.2427061  0.2101254  0.2483406
3.9774876  113.0976335  46.5042075  32.1360630  20.8007140  32.0223205  0.0595230  0.0129323  0.2206482  0.2757069  0.2679502  0.3456111
3.9597115  122.4824846  48.4628750  31.2976100  23.5221480  30.0799495  0.0626071  0.0147131  0.3606276  0.2869325  0.2913402  0.2963314
3.9713421  132.3679977  50.3516010  32.0812655  22.2850565  30.5632115  0.0593908  0.0159250  0.2909826  0.2946463  0.2753210  0.2951106
3.9762319  143.2226182  47.6111870  32.6606235  25.2749555  28.4918125  0.0625984  0.0180937  0.3982830  0.2294186  0.2538468  0.3256667
3.9882861  155.2945393  49.5299015  31.6189900  21.7789070  32.8906120  0.0601427  0.0195216  0.3245589  0.2489188  0.2331971  0.2449370
3.9728335  169.3738350  48.4810890  31.9843785  23.3847010  30.2768375  0.0596438  0.0223420  0.2080539  0.2598440  0.3348501  0.2081663
3.9804719  186.8440183  49.9446605  34.5401775  23.1552700  31.7887605  0.0631413  0.0250368  0.3009185  0.2499463  0.3241007  0.2630588
4.5410741  2.8371920  44.8109535  25.3069620  21.2989393  29.4825508  0.0634406  0.0003241  0.2847151  0.3189139  0.0213664  0.2980431
4.5478667  8.7007713  48.2026655  29.0368480  20.3265050  32.0023855  0.0645075  0.0008682  0.3042576  0.2809642  0.0559058  0.2734024
4.5417407  14.4402869  45.7610285  29.3761995  20.1259090  30.2525920  0.0591434  0.0013509  0.3422956  0.2945818  0.0914022  0.3140753
4.5393866  19.9347823  45.8250180  29.0142170  20.1491985  30.3155485  0.0654150  0.0019811  0.3374990  0.2921803  0.1287133  0.2469115
4.5245331  25.4911039  44.1177495  27.2983695  20.8184205  30.8424045  0.0666011  0.0023903  0.3922683  0.2510721  0.0856268  0.2552881
4.5384836  31.3498831  47.0778215  27.7341375  20.0695900  27.7045320  0.0594195  0.0030137  0.3404080  0.2696615  0.1588460  0.2807435
4.5398869  37.0325587  43.7502620  29.1749695  21.4966045  31.1827385  0.0608074  0.0037561  0.2866541  0.2680532  0.1473443  0.2732645
4.5412774  42.9254265  43.0497415  26.8781760  19.9697650  30.6068100  0.0576134  0.0041686  0.3643477  0.2956882  0.1193875  0.2757816
4.5351385  48.8571410  42.8083203  25.9310595  21.5252940  28.4053485  0.0601570  0.0051161  0.3218689  0.3441673  0.2631221  0.2424264
4.5339933  55.0732499  43.0770405  27.3820825  18.9980860  29.5504790  0.0614763  0.0055230  0.3734825  0.2353436  0.1045893  0.2785353
4.5310261  61.6169247  43.7886535  28.4912105  19.8213225  29.4444625  0.0609536  0.0063701  0.2771314  0.2365954  0.2043190  0.3147923
4.5383602  68.2012625  43.8044600  26.7752740  21.1113585  31.8139790  0.0575493  0.0070385  0.4375714  0.2959317  0.1729887  0.2213871
4.5500064  75.2354341  46.9013720  28.3166075  21.7601675  30.8766490  0.0618525  0.0076686  0.3156251  0.3037304  0.2199105  0.2822701
4.5379230  82.4145020  48.2529735  28.8215875  21.2221325  28.5508790  0.0600111  0.0095215  0.2124133  0.3111641  0.1970198  0.2456044
4.5381429  89.7899579  44.4919605  30.3533760  23.5139720  27.8370170  0.0580073  0.0096277  0.2559512  0.2346310  0.2606470  0.2715650
4.5404522  97.2931616  47.1567690  26.8653295  22.3854735  30.9596545  0.0606527  0.0112171  0.2269137  0.1984243  0.2205197  0.1723881
4.5433309  105.7551400  46.5850125  31.0650968  21.4776265  30.3867595  0.0586247  0.0122206  0.2528807  0.3505975  0.3037023  0.2451652
4.5468657  114.4062760  47.8344120  32.7706520  23.2930395  30.8339020  0.0586995  0.0132413  0.2794794  0.3308013  0.2090677  0.2501187
4.5535266  123.2162012  50.6045450  31.8222805  22.8533625  32.5675540  0.0618662  0.0145256  0.2362093  0.1645733  0.2456815  0.2448651
4.5240979  133.1357327  47.3709760  34.4414815  24.0005050  32.3031925  0.0605509  0.0161865  0.3004617  0.3133455  0.3520542  0.2743015
4.5417183  143.6045757  51.2809960  33.5571680  22.2554630  35.3455740  0.0589947  0.0188604  0.2862130  0.3401826  0.2718855  0.2580627
4.5370727  155.5439595  50.1044020  34.1689600  25.1482480  31.7888310  0.0605781  0.0204678  0.2697518  0.2311064  0.2339896  0.2780980
4.5378881  168.9482280  52.8322235  32.5048895  22.3787055  31.1964720  0.0595119  0.0215350  0.2244117  0.2252014  0.3024800  0.2400309
4.5385049  186.6005181  52.9081470  32.8785265  22.9498100  32.2141775  0.0590003  0.0257445  0.2828292  0.2400254  0.2848002  0.2849601
5.1410308  2.8591366  45.9868945  28.6677352  18.2553265  31.1109585  0.0616545  0.0003267  0.3469042  0.3116531  0.0423536  0.2630272
5.1531548  8.6046785  44.8745760  30.7896225  19.9205835  30.7915370  0.0616575  0.0008528  0.4222409  0.3369068  0.0737770  0.3039609
5.1512567  14.4038062  46.8473765  30.2596620  20.1976745  30.7154190  0.0581568  0.0014288  0.3893145  0.2610470  0.0926450  0.2313155
5.1474147  20.5598014  44.8500670  26.4544905  20.1245340  29.1613830  0.0638766  0.0020611  0.3660322  0.2938909  0.1017476  0.3265414
5.1409240  26.0700424  43.2641295  29.5989710  20.3782550  28.9424430  0.0596474  0.0026336  0.3680557  0.2919821  0.1201912  0.2708066
5.1575608  31.7577926  46.2116490  26.9354440  21.1726580  28.9683310  0.0600137  0.0030229  0.3304564  0.2397716  0.1461441  0.2345345
5.1483357  37.7484414  45.4923873  28.7101065  22.1857760  31.3822150  0.0582663  0.0038392  0.3017487  0.4191453  0.1023599  0.2250937
5.1429832  44.1780420  44.7681190  27.6918210  20.9920000  29.5317605  0.0589229  0.0044304  0.2504737  0.2442865  0.1506678  0.2187749
5.1394107  50.4376020  50.1904490  28.4960470  21.2225315  30.5566815  0.0617029  0.0052748  0.3169892  0.3440130  0.1580143  0.2661291
5.1452576  57.1413410  45.7008495  28.0318855  21.0374340  30.2146195  0.0633133  0.0058548  0.2581471  0.2729143  0.1763890  0.2491996
5.1624153  63.5839788  46.2852900  28.4017915  20.6047305  31.2011175  0.0602634  0.0065677  0.3474569  0.2626355  0.2353083  0.3114095
5.1513342  70.0230199  47.1219090  30.7032405  21.4767125  29.6949975  0.0606565  0.0076087  0.3318936  0.2677900  0.2242668  0.2872849
5.1633164  76.9396979  45.6724042  30.7018158  20.7238395  29.5516293  0.0637151  0.0083239  0.2799796  0.3242955  0.2073642  0.2413295
5.1576067  84.1677720  44.0001620  31.2469870  22.8274640  33.1346790  0.0567293  0.0090534  0.2967605  0.2818778  0.2034816  0.2399330
5.1551543  91.4615807  51.2171825  31.4868425  21.0218010  32.6424915  0.0609007  0.0102729  0.2477756  0.1690302  0.1857852  0.2446030
5.1557889  98.8105036  50.3214435  28.9730845  21.8918810  32.3498625  0.0615916  0.0110593  0.3096281  0.2690490  0.2390344  0.2100186
5.1470703  106.5458213  50.5453535  32.3919625  23.6738305  32.0068785  0.0601073  0.0129360  0.3030453  0.3601290  0.2179448  0.2946507
5.1549830  115.1193087  53.6182645  32.2942055  22.2544765  29.5572775  0.0556620  0.0134151  0.3974266  0.2839938  0.2647119  0.2055219
5.1559541  124.3023369  48.8980112  32.7351003  22.0495850  29.5967048  0.0574452  0.0149033  0.2358214  0.2470611  0.2567476  0.2133703
5.1539716  134.1179815  52.2125550  32.5485665  22.2034560  31.1847370  0.0594198  0.0170403  0.2816264  0.3090640  0.2519545  0.2676550
5.1418139  144.2750043  49.4166755  34.8597825  23.4116530  31.2783570  0.0585928  0.0181151  0.3051008  0.1867868  0.1991885  0.2262442
5.1497098  155.8109299  48.9879270  30.6077365  21.8594275  30.4826275  0.0562949  0.0199758  0.1856060  0.2755245  0.3331472  0.2850544
5.1512716  169.3692343  50.5502470  33.4328275  23.6180470  32.0292435  0.0604358  0.0225503  0.2910851  0.1960091  0.3370853  0.2402619
5.1551400  186.2804826  50.5039360  31.9515045  22.6236755  31.4868890  0.0616467  0.0258622  0.2370348  0.2590687  0.2939406  0.2725917
5.8236990  2.6209443  47.7772613  29.1477217  22.0974737  30.2115605  0.0597899  0.0002825  0.3015711  0.3644267  0.0284648  0.2702054
5.8282956  8.4166784  46.5536725  27.5401860  19.9493125  29.9452180  0.0608530  0.0008010  0.3288474  0.3472756  0.0706941  0.3016487
5.8363644  14.1954899  45.4414720  27.2008945  21.0491520  30.6132835  0.0566353  0.0013667  0.3107501  0.3397929  0.0747684  0.2468263
5.8486825  20.0584196  46.0529080  27.5151300  20.9918465  29.0374180  0.0658262  0.0019627  0.3393995  0.2565345  0.1364177  0.2577854
5.8253348  25.9865851  44.9089780  30.8486580  20.1505420  28.7471080  0.0567901  0.0025767  0.3316125  0.2125690  0.0928403  0.3397457
5.8386333  31.6128325  49.5992595  29.6322515  20.5569485  29.5354800  0.0600641  0.0031062  0.3328685  0.3691530  0.1236300  0.3655064
5.8247038  37.2411113  46.8096238  29.5527907  22.5641148  32.0839165  0.0582472  0.0036333  0.4203103  0.3159812  0.1203867  0.2546202
5.8231409  43.3683148  47.5140975  29.5266530  21.5248830  31.8767860  0.0604482  0.0044144  0.2859085  0.3053204  0.1606139  0.1941571
5.8179976  49.7582020  44.7089615  31.5051855  23.5161050  30.9333570  0.0607198  0.0051433  0.3112904  0.2771030  0.1911325  0.1796790
5.8388121  56.0203403  43.7491560  30.0277100  21.4780965  31.7597165  0.0630675  0.0058562  0.2887566  0.2867020  0.2111086  0.3111091
5.8379920  62.5096186  46.2723410  31.1902610  20.6823595  32.3659265  0.0599948  0.0065370  0.2512696  0.2819744  0.1685302  0.2577350
5.8330566  69.2261810  48.2303230  28.7574025  22.3869005  31.6548330  0.0580945  0.0073479  0.2936192  0.2604903  0.2493788  0.2500814
5.8302451  75.9598944  47.9877550  30.8394315  21.2514265  28.9113618  0.0573381  0.0083862  0.2822709  0.3066602  0.1911968  0.2342346
5.8304104  83.0375884  48.8624250  35.0220910  21.4360930  33.1412000  0.0589872  0.0090395  0.3721220  0.3181096  0.2437793  0.2430302
5.8313101  90.2481184  45.4358935  30.0426135  22.9421805  29.7328705  0.0615287  0.0096346  0.3382374  0.2165830  0.2643155  0.2314840
5.8319955  98.0381089  49.4557630  28.3568830  22.8534925  31.9439435  0.0582916  0.0108681  0.3184956  0.2371301  0.2638709  0.2826499
5.8375148  106.1732974  45.8906590  31.7612370  23.1514440  30.8290000  0.0568109  0.0121085  0.2976772  0.2599160  0.1899489  0.2495740
5.8384653  114.6563826  48.6202395  32.5196550  23.3651075  30.2893900  0.0566113  0.0132875  0.5345583  0.2384414  0.2582099  0.2178879
5.8375917  123.7518229  48.7449833  33.7253947  24.6355047  31.8524935  0.0570949  0.0147390  0.3731869  0.3454001  0.2375726  0.2325251
5.8349769  133.9295101  53.3461585  31.7367710  22.5769165  30.0744400  0.0614982  0.0170053  0.3204151  0.3070192  0.2606632  0.2514424
5.8383538  144.8893600  50.3281970  32.5825325  23.7850795  30.9222535  0.0594452  0.0187657  0.3242170  0.2872058  0.3110231  0.2956129
5.8341908  157.5121885  47.7090575  33.7025195  25.3142045  30.8941810  0.0568559  0.0226130  0.2921524  0.1863459  0.2932219  0.2517426
5.8314016  171.8334374  51.9587310  34.7408360  22.9732080  32.4326285  0.0564777  0.0234427  0.2214342  0.1801264  0.2933793  0.3554054
5.8360442  189.5353595  53.7181345  35.8257150  23.2318680  29.7108930  0.0542107  0.0267944  0.2798730  0.2904745  0.3352836  0.2620324
6.5886285  2.9368468  47.1311712  30.2776730  21.0200745  30.0068980  0.0576443  0.0003599  0.3585392  0.2624048  0.0614578  0.2626873
6.5834106  8.7290863  45.8986190  25.6278285  20.7879605  31.0480305  0.0631266  0.0008738  0.4334179  0.2760943  0.0782331  0.3117381
6.5906816  14.4976999  44.4471975  27.0991600  20.7654295  32.4123845  0.0623937  0.0014860  0.4987163  0.3828465  0.0724202  0.3415949
6.6048672  20.4582345  47.5212540  30.5118710  21.4948000  32.5459560  0.0618222  0.0019788  0.4443449  0.2972021  0.1120692  0.2477833
6.6007974  26.2658580  48.0299505  30.2401785  20.2152620  32.5052100  0.0629151  0.0026782  0.3865035  0.2917513  0.1850425  0.2506002
6.5832767  32.0786363  47.1056190  29.0269845  21.1108445  30.6137685  0.0648192  0.0032497  0.2898682  0.3130800  0.1546384  0.2190464
6.6093272  37.9087219  45.6914560  29.5255635  22.8517910  31.6450445  0.0615464  0.0036556  0.2328734  0.3851236  0.1359087  0.2748545
6.5779956  43.8850812  47.5857500  28.0086335  20.7970260  31.6633540  0.0622874  0.0044206  0.3626623  0.3768211  0.1289090  0.2960320
6.5889563  50.0803225  46.7336297  31.5988172  23.4061873  28.5564127  0.0567835  0.0053037  0.3371090  0.2711684  0.1575556  0.2792038
6.6036581  56.4698327  46.0513205  30.9084080  21.8778545  31.8853505  0.0613677  0.0059225  0.3531443  0.3343829  0.2082412  0.2524148
6.5957836  63.0746098  45.8543805  29.9874450  21.0686635  33.8790415  0.0602405  0.0066308  0.3693490  0.3005571  0.2186503  0.3192800
6.5932173  69.6606068  50.9212605  32.9003410  22.3709465  31.9102860  0.0570946  0.0076074  0.2357675  0.2490219  0.2116909  0.2594863
6.5973674  76.3497959  48.6121965  32.5273945  21.2344965  32.8140000  0.0575105  0.0085030  0.3938942  0.2653705  0.1837078  0.2722744
6.6144916  83.2461009  48.3429185  30.0952590  22.3439965  33.0311950  0.0570039  0.0093971  0.4064534  0.2932124  0.1888811  0.2810293
6.5946204  90.8548585  52.2970235  32.1077955  23.8026055  31.0488050  0.0595351  0.0101613  0.2461827  0.2691791  0.2610182  0.2911854
6.5941034  98.4435530  49.1099505  27.5798025  22.9918335  29.5411320  0.0578324  0.0110102  0.4636268  0.2873267  0.2601501  0.2371716
6.6065761  106.3339496  49.8500727  30.6967890  24.7009380  31.8248565  0.0617839  0.0126006  0.3979835  0.2788306  0.2527795  0.2843125
6.5972735  114.8384952  48.5122255  33.2539765  23.2243350  33.6510375  0.0561254  0.0135932  0.4084771  0.2604500  0.3171951  0.3479505
6.6123126  123.6521708  48.9925635  34.5483435  24.1972890  31.4518065  0.0585223  0.0149117  0.3178687  0.3377831  0.3214552  0.2180429
6.5998450  133.1006891  49.7935405  35.5969685  22.7720090  33.3350435  0.0604865  0.0171009  0.4026089  0.2299332  0.2726110  0.1865128
6.5861726  143.6053998  55.4167210  32.5798255  24.4024375  32.6495940  0.0570745  0.0186742  0.3264193  0.1840422  0.2830106  0.3312870
6.5791217  155.7515436  54.7193500  31.7508620  24.2957785  31.4877045  0.0595007  0.0211547  0.2958220  0.2353734  0.3776381  0.2863532
6.6059251  170.5855079  47.7243950  35.0229375  25.5406815  33.6515720  0.0594369  0.0232695  0.3104990  0.2505798  0.3754986  0.2038562
6.6156201  188.4826656  48.4089555  33.8372825  25.0090910  30.8425000  0.0561426  0.0272603  0.2793937  0.1919845  0.4101010  0.2201648
7.4511319  2.7973089  47.3879072  31.8776330  21.3796555  32.5835017  0.0609520  0.0003090  0.3360101  0.2703706  0.0221108  0.3342075
7.4577278  8.7230200  46.6209505  30.3998185  20.4483030  30.9165560  0.0630407  0.0008597  0.4344278  0.4230105  0.0396884  0.3365484
7.4620934  14.8066473  45.5837080  29.5268485  21.7276485  31.6568200  0.0633400  0.0013940  0.3527974  0.2562032  0.1067372  0.2261576
7.4297942  20.4412755  46.2812670  31.1202055  23.2654335  29.3032895  0.0631188  0.0019833  0.3827568  0.3656259  0.1522838  0.3085669
7.4470044  26.0171232  49.2758210  29.5098720  23.5312465  32.2980165  0.0605660  0.0026570  0.3778058  0.3444420  0.1592357  0.2402346
7.4378519  31.6589830  51.2611465  28.8468600  21.6254880  30.1438130  0.0593553  0.0032079  0.3476845  0.2883457  0.1504620  0.2590032
7.4311197  37.5148941  48.0358570  29.9145350  23.2718812  32.4567565  0.0613983  0.0036921  0.4446434  0.2564981  0.1569017  0.3242891
7.4459751  43.3503035  47.3706765  32.7997895  22.0630810  34.0633925  0.0616592  0.0044842  0.2631126  0.4327022  0.2101177  0.3237217
7.4481747  49.5181123  49.6507470  31.6229310  22.9971415  32.9942485  0.0594173  0.0049630  0.4340800  0.3705509  0.1663714  0.3061808
7.4399521  55.6801107  45.1289995  30.9812410  22.9763950  31.6629150  0.0610085  0.0058071  0.2901241  0.3263549  0.2127026  0.2471618
7.4209891  62.5602197  48.5410470  32.3852905  25.4100770  33.7988620  0.0644942  0.0067743  0.4135964  0.3399909  0.1955917  0.2986215
7.4415917  69.2345733  49.2675850  30.2268500  24.9333845  31.2472025  0.0581287  0.0075626  0.3196166  0.2367421  0.1985362  0.3355834
7.4478621  76.1403254  46.3557222  31.3174485  22.8378105  32.8233958  0.0646556  0.0087012  0.3367818  0.3452487  0.2128972  0.2927010
7.4545204  83.2753475  47.1322105  31.1206020  23.1496380  31.2415910  0.0592892  0.0093517  0.2455880  0.3415076  0.2471304  0.3441022
7.4443228  90.5053056  49.9800850  32.8673130  23.0320860  32.3609945  0.0646644  0.0106645  0.3731699  0.3081272  0.2225548  0.2526085
7.4480055  97.9398499  52.5332915  31.5136495  22.5810875  33.2077565  0.0592724  0.0113192  0.3939945  0.2845632  0.2242290  0.3550248
7.4533783  105.9852542  50.8962115  35.2300365  24.4556555  32.1230790  0.0576151  0.0124387  0.3437896  0.2808980  0.3007674  0.3042572
7.4520410  114.5382976  49.3443910  33.3277170  23.1277255  30.5658720  0.0625757  0.0140080  0.4057730  0.4489216  0.2698486  0.4145376
7.4580772  123.1861962  52.9047725  34.9173768  25.3355272  33.6888268  0.0608107  0.0150035  0.4113738  0.3354303  0.3724395  0.3831849
7.4322969  132.8341142  49.6768595  35.2777430  23.7093555  31.6709530  0.0554342  0.0173844  0.2929448  0.3224004  0.3293930  0.3055066
7.4351534  143.3114484  49.2013920  34.7446385  24.3806700  32.1861600  0.0600800  0.0183986  0.4135285  0.2650570  0.2986208  0.3112738
7.4514463  155.4539736  52.0173420  38.1566570  25.7117745  33.7240955  0.0592496  0.0212629  0.3703048  0.2626996  0.4998025  0.3664642
7.4257182  169.1906627  49.9280505  33.1218925  23.8882620  31.6874900  0.0565375  0.0244183  0.3806185  0.2012889  0.3480872  0.2669958
7.4369190  186.5748819  52.9004380  35.4195700  25.9003915  34.8269835  0.0620076  0.0278490  0.3285179  0.2192043  0.3329199  0.4123604
8.3578976  2.6603959  47.2267375  31.2017903  23.0987438  31.7270795  0.0709286  0.0003048  0.5555072  0.3679758  0.0290569  0.3848290
8.3613580  8.1889324  44.9637215  30.8479725  22.5067590  32.0900925  0.0677384  0.0008446  0.3658246  0.2606502  0.0734349  0.3259734
8.3634608  13.7920425  44.5472935  28.6311045  23.5465020  31.6852315  0.0646968  0.0014646  0.4484059  0.3722374  0.1437719  0.2788938
8.3723184  19.4642749  48.5284755  29.2610205  21.6890730  30.8103795  0.0669638  0.0020652  0.3511663  0.4003005  0.1363026  0.3582885
8.3537464  25.1653466  44.9419070  29.2619975  21.2291100  33.2286000  0.0675448  0.0025559  0.2961303  0.3269842  0.0954720  0.3518520
8.3441862  30.8496759  46.1293250  29.5986580  21.5109250  31.7710620  0.0629977  0.0031499  0.4086880  0.3743350  0.1707917  0.2785943
8.3836144  36.6974396  48.9898225  30.1937085  23.1221102  33.1559387  0.0625369  0.0036981  0.3935285  0.4113290  0.2476163  0.3386393
8.3781164  43.0079818  49.3479535  28.6947415  22.7947130  30.4272630  0.0626323  0.0046276  0.4859179  0.3977692  0.2046856  0.3191642
8.3558328  49.3490957  47.9066955  31.3568505  22.5233225  33.0288575  0.0615982  0.0051775  0.4001054  0.3728030  0.1995100  0.4009937
8.3627625  55.5242804  48.8818975  31.7297715  21.9268635  33.0592345  0.0677529  0.0059455  0.4196543  0.2590154  0.2517466  0.2812140
8.3579191  61.8434164  48.1391750  30.3611630  23.1102630  32.2955870  0.0672312  0.0067344  0.4172143  0.3118113  0.2776446  0.2879821
8.3563700  68.4016311  48.1003770  32.9153860  23.0688100  33.1790945  0.0663551  0.0078763  0.3398894  0.2985960  0.2183507  0.3071667
8.3666505  75.0297455  49.8046648  33.2843245  25.1739975  33.1334865  0.0651774  0.0082692  0.2578333  0.3351810  0.2811408  0.3878409
8.3747724  82.0576674  49.3082385  35.0073665  23.6526610  33.1170115  0.0605242  0.0094730  0.4759673  0.2702006  0.3085240  0.2855252
8.3563124  89.6306636  51.6991270  33.9104570  23.4875335  33.0245255  0.0611107  0.0103797  0.3800737  0.3314668  0.2982360  0.3188055
8.3756598  96.8630536  50.2833680  31.9772715  24.6390845  32.7541335  0.0620563  0.0116278  0.4450500  0.3304934  0.2819701  0.3934967
8.3532473  104.5217165  49.0236195  32.5178720  24.6038245  32.0995935  0.0626341  0.0131034  0.4353807  0.4621567  0.2329778  0.3308107
8.3659474  112.8759549  51.8836260  35.5042905  23.1702345  33.8873395  0.0613101  0.0143328  0.3045024  0.3074990  0.3552602  0.3325610
8.3816380  121.9096539  52.1776170  36.6934008  24.2904133  32.0808640  0.0611454  0.0158725  0.4864377  0.3133346  0.3031987  0.3839333
8.3543778  131.2794299  48.7313965  35.5998650  24.2698995  31.8838775  0.0608320  0.0174597  0.3121929  0.3116550  0.3158863  0.2546610
8.3494017  142.2874124  54.2004895  37.3984725  26.8263500  32.8202010  0.0591950  0.0190011  0.5085077  0.2903565  0.3711666  0.3238058
8.3512610  154.3090799  48.0711495  32.7534210  22.8151465  31.8124375  0.0645564  0.0219465  0.3779598  0.2877866  0.3458719  0.2606556
8.3513162  168.2902587  53.6621460  35.3654005  21.8783955  36.5121910  0.0612925  0.0240392  0.4121194  0.2547231  0.3678900  0.2863650
8.3553653  185.7588319  51.8066690  37.2739420  24.3340255  34.5606930  0.0640763  0.0286159  0.3656104  0.1771317  0.3548123  0.4132473
9.2412734  2.7496193  48.8049968  29.4842035  22.7506573  35.3223478  0.0667286  0.0003422  0.6859364  0.3614298  0.0534200  0.3724411
9.2298192  8.1496490  52.3463925  34.1153625  20.4627590  33.5553770  0.0671900  0.0008985  0.6287709  0.3976535  0.0760357  0.3573286
9.2512528  13.5025251  48.8768210  30.0168480  22.3837020  33.4011760  0.0711599  0.0015728  0.4302866  0.4055769  0.0934105  0.4654873
9.2428840  18.9835758  52.0940910  30.8438105  22.5599685  32.8509460  0.0660576  0.0021461  0.5257227  0.3918608  0.1887636  0.3538331
9.2342112  24.9686175  45.0398225  29.8994285  21.8341465  31.9852575  0.0713694  0.0029166  0.5143005  0.5795572  0.1519720  0.3571532
9.2256518  30.7214432  48.2769130  30.2929255  22.8872160  32.2882240  0.0712327  0.0035441  0.5848468  0.3635134  0.2226531  0.3560618
9.2410977  36.4685595  47.7852080  30.3284230  23.4322830  33.0495220  0.0652724  0.0043011  0.5377669  0.4307355  0.2238214  0.3948218
9.2438671  42.4605655  49.8083655  33.0087950  23.0392045  33.2214520  0.0637597  0.0049441  0.4979947  0.5008306  0.1534362  0.3836110
9.2367487  48.2436927  45.5111532  33.6014597  22.8265867  31.5465630  0.0630063  0.0055730  0.4542695  0.3137367  0.1897718  0.4371514
9.2499871  54.1292007  48.2621220  33.3321905  22.4891330  32.5030080  0.0689816  0.0063563  0.5167193  0.4618602  0.2128719  0.3069167
9.2455638  60.3478357  50.6518715  32.5435765  22.5955945  32.6319875  0.0656477  0.0070728  0.4082435  0.4319511  0.2473900  0.4144257
9.2358802  67.0837465  47.6794235  35.2514045  21.7878155  36.5887610  0.0652373  0.0081586  0.4931856  0.3592702  0.2765820  0.3985579
9.2459352  74.0450463  48.9271530  33.0642050  25.3168775  33.2749735  0.0691828  0.0088160  0.3671469  0.3134009  0.2546758  0.4057045
9.2419267  80.8532023  50.3717930  34.1494255  23.0612020  35.0490055  0.0672339  0.0097032  0.5848435  0.3183981  0.2971931  0.3219750
9.2456524  87.9688348  51.2638725  31.7129470  23.6384160  33.4186775  0.0651098  0.0110884  0.4138100  0.4580241  0.3767984  0.4005526
9.2354909  95.4252268  53.9482845  36.1438105  24.2011235  35.1815860  0.0716951  0.0119408  0.4786805  0.4598714  0.3801609  0.4585569
9.2529988  103.0137675  48.4803785  34.1094827  23.5244428  34.0464710  0.0706125  0.0135757  0.3851302  0.4235609  0.3081559  0.3630911
9.2475976  111.2445256  50.2851725  33.7871630  23.9159145  35.2267745  0.0661493  0.0149006  0.4192939  0.3429813  0.3425418  0.4239554
9.2407402  120.1846246  51.9981445  36.2522405  23.4406295  34.5858680  0.0699599  0.0167805  0.4797869  0.4161931  0.3359331  0.3324408
9.2310105  129.6912176  52.1502395  37.8866655  25.9432245  34.3567135  0.0634561  0.0178601  0.5105045  0.3448531  0.3877444  0.5320126
9.2548178  141.2413223  51.5390785  38.2331460  24.1193535  30.2961420  0.0658988  0.0204981  0.4652104  0.3959868  0.4184975  0.3682402
9.2406034  153.7000668  50.4853215  37.2543880  24.0514800  34.1592400  0.0663290  0.0221233  0.4570151  0.3290285  0.3640248  0.3865713
9.2363392  167.9974799  50.5562480  36.6128315  24.5147315  32.9572680  0.0621829  0.0262680  0.3437896  0.3185764  0.4585090  0.3793285
9.2400392  185.7767984  53.2290535  37.1200545  26.9351195  35.8427145  0.0645853  0.0310019  0.3813698  0.3666137  0.4718775  0.3597108
10.0817778  2.7632667  47.7085160  29.7919675  20.3643880  32.7769387  0.0698757  0.0003590  0.5594629  0.5548475  0.0275366  0.4034914
10.0761201  8.3443661  48.6078355  33.5874660  22.1537855  34.2117555  0.0691108  0.0008708  0.5843030  0.4086546  0.1320274  0.4160932
10.0697555  13.8991093  46.5246780  32.7460595  20.6691970  33.5939500  0.0719829  0.0015911  0.4456950  0.5586358  0.1215561  0.3759043
10.0769122  19.4488784  47.1072040  34.1852790  21.6945735  33.6263030  0.0681702  0.0021800  0.5066291  0.5236262  0.1747023  0.3495405
10.0777604  25.2174036  44.2562435  32.0537360  20.9671230  34.6763815  0.0709182  0.0030182  0.6805536  0.3377959  0.1832505  0.3558860
10.0605975  31.1424608  48.3496615  33.2481880  23.6608130  34.1832535  0.0676912  0.0034434  0.6157385  0.4875622  0.2066011  0.4683464
10.0659118  36.8821694  49.4722273  31.7588100  22.5983118  34.6549150  0.0661899  0.0041944  0.4005818  0.4441650  0.1691668  0.3912758
10.0758558  42.5356710  47.3423845  29.3282515  21.3872270  33.5851790  0.0690519  0.0047208  0.4966204  0.4903867  0.2342858  0.3669822
10.0796492  48.4237895  45.0312485  33.8432975  21.3011140  36.0931920  0.0696023  0.0058165  0.5290962  0.5234609  0.2580107  0.4340675
10.0812414  54.7372015  45.6457670  32.5949130  21.9088035  33.3524785  0.0656846  0.0064394  0.6195005  0.3530293  0.2470184  0.4412099
10.0840968  60.8898705  50.7739265  35.6035435  23.0818940  34.1001635  0.0604378  0.0072945  0.5275104  0.4474490  0.2250401  0.4000141
10.0741914  67.2394296  49.0504530  33.5535975  22.9177630  34.0567875  0.0666115  0.0078930  0.5621060  0.2897978  0.3107696  0.4814269
10.0584502  73.7690007  51.4310585  33.8792158  22.8633545  33.9863202  0.0652944  0.0092312  0.4104068  0.4189338  0.3132034  0.5019548
10.0693015  80.4834025  49.3648430  34.0667185  24.0340020  34.1406460  0.0665313  0.0098270  0.3796797  0.5279053  0.3748947  0.4400052
10.0617118  87.4993301  49.6130985  35.6796260  24.3581965  35.1420275  0.0639573  0.0114657  0.4612928  0.3485401  0.3746023  0.4688582
10.0589799  94.6401693  49.0900825  35.9820475  24.9643350  35.2823795  0.0676372  0.0116108  0.4857676  0.3487751  0.2743370  0.3715790
10.0845711  102.5071951  52.4379175  37.8844575  24.0214035  36.2237880  0.0708747  0.0136581  0.4446917  0.4674488  0.3731944  0.3784764
10.0668142  110.8584635  49.3792950  37.4900750  24.7200475  37.5158825  0.0667650  0.0142850  0.3864547  0.3097180  0.3826008  0.3619479
10.0776613  119.6722835  48.0039323  37.2452395  25.2388153  33.3390605  0.0686494  0.0169737  0.4506773  0.4558926  0.3935797  0.3862644
10.0710006  128.9506855  55.6344770  36.7469005  25.4873285  38.4579135  0.0629529  0.0180011  0.3451317  0.3718071  0.4667903  0.4586639
10.0806369  139.8707625  53.5850925  34.2460390  25.4543040  36.0006105  0.0671218  0.0204853  0.4333725  0.3131938  0.4219656  0.3072277
10.0780243  152.0917318  52.7703685  38.5186755  25.2786160  36.6265490  0.0744694  0.0223372  0.5181883  0.3963748  0.4184177  0.4734218
10.0768537  166.2547503  56.7864640  35.7183820  24.7841220  36.9090580  0.0683474  0.0263709  0.3632154  0.3673226  0.4157015  0.4061435
10.0720478  183.7497276  52.9479955  36.4469460  27.2193950  35.9960090  0.0732136  0.0293180  0.3713452  0.3912435  0.4717280  0.4309402
10.9034252  2.8141214  50.1926422  36.2731333  23.6219900  38.8954727  0.0722392  0.0003644  0.5515189  0.3753580  0.0596709  0.4356848
10.8973063  8.4214237  48.8248580  32.3174780  20.9490555  36.2245120  0.0760135  0.0009998  0.5691119  0.5172305  0.0893649  0.4144166
10.9201404  13.9816301  45.7354665  31.3495970  21.6060530  35.3131415  0.0778657  0.0016707  0.5340893  0.5875443  0.1447853  0.4404144
10.9063474  19.5004237  46.4269220  33.1630520  20.7721140  33.4923500  0.0709011  0.0022072  0.3972406  0.4688872  0.1354739  0.4108026
10.9222305  25.0784089  50.6308540  35.0798120  22.1561785  35.3128590  0.0731242  0.0030288  0.4307008  0.4018319  0.1387916  0.3421657
10.9172435  30.6382883  48.4569590  35.3426470  22.9719620  33.9349905  0.0742884  0.0036590  0.5134988  0.4332634  0.1463652  0.4255111
10.9108809  36.0222601  45.0313675  32.7100145  21.6575925  33.8508085  0.0741357  0.0042599  0.4822963  0.4808529  0.2072404  0.3572080
10.9163086  41.6474826  48.6060635  34.0453680  22.6178330  36.8490670  0.0713092  0.0051915  0.4686083  0.4571331  0.2286046  0.3967949
10.9124340  47.4427567  47.9028753  32.6880620  22.5399382  34.1662918  0.0721885  0.0058969  0.5028016  0.3818950  0.2603907  0.3969549
10.9146675  53.4241716  50.8581630  33.3631505  21.1476790  34.1103775  0.0708625  0.0066539  0.5746941  0.4263044  0.2545581  0.4601778
10.9095519  59.8543578  46.5865430  34.6101495  21.8172200  35.8784165  0.0792788  0.0076165  0.6220168  0.4489935  0.2675939  0.4380631
10.9117466  66.1469265  49.7194280  32.7085620  23.9652100  35.8280610  0.0651475  0.0082775  0.4464593  0.4237251  0.2641887  0.4146842
10.9031499  72.6249631  51.1387270  32.9583165  23.8104875  36.0521785  0.0687507  0.0093772  0.7598266  0.3829428  0.3281267  0.4023540
10.9020608  79.2531899  46.8091815  31.3049325  23.2662745  34.5732065  0.0737689  0.0100113  0.5953706  0.3879230  0.3255761  0.3172491
10.9076668  86.3123751  46.7035605  33.2758195  25.0531235  34.4092450  0.0722726  0.0118844  0.5570873  0.5015189  0.3491483  0.4488134
10.9160974  93.5449669  49.2185465  38.5113595  23.9910085  37.4231840  0.0676753  0.0125998  0.5087281  0.4153183  0.3698581  0.3976754
10.9022190  100.9910182  51.3089207  37.0420620  23.6795165  38.5420232  0.0700685  0.0133632  0.5197474  0.4086952  0.4360124  0.3162291
10.9168201  109.1774018  53.6809040  37.7928520  22.3679355  38.2932965  0.0696090  0.0147212  0.4451358  0.4901204  0.4184017  0.4498466
10.8980904  117.8226065  48.9029520  34.4646135  24.5690455  33.6473810  0.0818906  0.0167468  0.5421245  0.5087958  0.4738935  0.5129449
10.9054772  127.2780873  50.5400695  36.4401105  24.8275700  36.1468995  0.0699757  0.0188163  0.5709473  0.3969927  0.3726654  0.4644334
10.9150569  138.3405575  50.7068190  37.8539235  24.0341960  35.4484550  0.0732784  0.0207489  0.5317973  0.4755626  0.4414637  0.4017067
10.9252029  150.2619952  54.6097630  36.0784725  25.8302990  37.7634510  0.0750588  0.0239957  0.6951119  0.4021004  0.5712488  0.3884101
10.9130487  164.9870510  51.2437885  39.5943265  26.4690875  36.5798725  0.0740761  0.0266855  0.5467754  0.4352907  0.4612955  0.4076697
10.8980534  183.0659015  51.3644300  37.3956240  27.1289715  34.8958695  0.0779342  0.0317765  0.4421047  0.3119430  0.5893869  0.5392862
11.6806117  2.7049078  46.5561795  29.2193125  22.7094885  33.9002798  0.0749915  0.0003740  0.6307294  0.4840947  0.0595684  0.4002001
11.6943012  8.1628618  46.9166890  31.5700245  21.6818510  34.2496505  0.0794793  0.0010059  0.4919237  0.4619662  0.0835380  0.4978989
11.6928703  13.8925395  46.7289435  31.2640630  22.2531720  34.3965740  0.0805217  0.0016676  0.6463566  0.5562008  0.1547916  0.4089179
11.6949799  19.5472780  49.5097100  34.3519450  22.1762910  34.9923795  0.0792033  0.0023223  0.5672287  0.5143705  0.1669961  0.4801909
11.6914399  24.9818718  46.9151110  32.3690605  20.8249460  33.2211785  0.0784337  0.0030367  0.5437198  0.5301542  0.1881413  0.4258696
11.6923247  30.4816599  47.3623780  33.1885885  22.2220540  33.9204470  0.0781039  0.0035640  0.6263072  0.5166559  0.2415125  0.4357707
11.6919359  36.1872135  51.5092567  32.4929160  24.2025460  35.7449423  0.0786988  0.0042906  0.5459005  0.5573733  0.2535476  0.3206832
11.6818282  42.0802415  48.7326300  32.0036940  21.8009850  35.2601330  0.0806695  0.0050651  0.4941455  0.3903997  0.2026888  0.5000684
11.7059766  47.7871245  49.9677850  35.5397170  23.9848340  36.1198940  0.0715763  0.0059532  0.4189869  0.4770060  0.2627390  0.4219404
11.6883180  53.9356222  45.4572085  34.6436795  24.3427670  35.8358615  0.0841880  0.0069481  0.5971965  0.5090048  0.2820183  0.4735849
11.6924464  59.8534896  46.5071155  33.8260250  22.2989190  35.8467430  0.0764798  0.0074506  0.4779676  0.4137336  0.2643069  0.4163704
11.6775011  65.9820326  47.0478200  33.1188335  23.5017610  36.0000545  0.0767772  0.0085781  0.5308981  0.5513406  0.3137678  0.4126862
11.6868383  72.5374062  46.7200347  33.6809070  22.3313240  35.7422865  0.0765819  0.0091592  0.4666321  0.4309819  0.3129054  0.4760451
11.7013067  79.5437783  48.0216490  34.2802170  24.6912200  36.4253750  0.0731436  0.0099731  0.5270039  0.4226700  0.3690983  0.3269478
11.7059336  86.5434008  48.2501245  33.0594980  23.1978075  35.8863220  0.0829983  0.0114844  0.5458029  0.4323493  0.3133490  0.4920452
11.6828916  93.8837347  48.3832835  31.8200670  23.4755050  33.8526550  0.0816857  0.0124201  0.5461944  0.4566438  0.3888927  0.4245139
11.6882264  101.3689923  47.9680195  33.4576815  21.4489450  35.2522460  0.0858099  0.0135770  0.4339665  0.4115523  0.4100267  0.3705620
11.6816422  109.4550040  49.9355885  35.4472070  23.6570600  33.3687595  0.0823738  0.0157979  0.5751663  0.4396106  0.4096992  0.3996752
11.6995705  118.3822134  49.8558705  36.1585352  23.1619545  35.0057158  0.0887798  0.0169869  0.5932476  0.4706011  0.4580622  0.4869191
11.6996269  127.5304058  52.3259650  37.2135760  21.7596620  34.1128030  0.0920255  0.0191103  0.5402660  0.4357147  0.4661556  0.5273688
11.6889055  138.1248257  52.2098790  36.2487090  24.9355710  36.5283725  0.0822827  0.0208065  0.4774028  0.4487469  0.4938983  0.4409649
11.6929638  150.3705936  54.2866480  38.6008745  24.1341540  32.8486845  0.0925728  0.0240463  0.6700773  0.6552415  0.4845858  0.4788168
11.7001079  165.3021201  51.9657065  38.0708865  26.9184380  36.8759645  0.0927484  0.0278877  0.4854254  0.3862603  0.5779783  0.4449707
11.6917872  183.0587752  54.9435105  37.8097000  24.9024165  35.5735485  0.0883290  0.0316679  0.4565266  0.3340701  0.5826605  0.4679507
12.4157863  2.7486980  46.8276345  36.3744402  23.2146770  31.8578597  0.0740235  0.0003713  0.5729812  0.5213854  0.0790307  0.5898306
12.4241614  7.9703124  51.2298395  34.4868890  20.4582670  34.0969370  0.0762142  0.0009682  0.6923865  0.4908475  0.0822385  0.4869857
12.4129898  13.5031765  47.0620150  29.8908655  20.3422845  34.1494700  0.0751455  0.0015414  0.4825588  0.6137532  0.1115106  0.4763023
12.4291598  19.1170678  47.2344830  28.5933945  21.3511820  35.1836255  0.0787696  0.0021624  0.5158029  0.4291653  0.1975718  0.3766017
12.4233994  24.5758973  50.7480840  33.5085960  22.2981655  36.7448595  0.0765153  0.0029137  0.5357188  0.3668002  0.1804345  0.4647796
12.4202086  29.8546636  48.8973200  31.6334910  22.7424840  31.2294745  0.0746774  0.0033475  0.5876868  0.4843129  0.2012608  0.3729463
12.4154958  35.1081823  49.8573235  31.9408882  22.0119560  35.7431415  0.0713106  0.0040872  0.5120679  0.5016315  0.2902267  0.4376058
12.4164366  40.7998813  47.2526655  32.2336280  21.8266510  32.8795545  0.0687488  0.0050777  0.5156165  0.3943263  0.2564102  0.3448808
12.4207219  46.6588048  47.2472180  35.0740860  22.4349080  37.3888385  0.0687375  0.0055966  0.6426501  0.4442786  0.2842164  0.3823207
12.4178427  52.7063617  50.3282710  33.9578355  23.5320565  34.5740350  0.0692004  0.0064572  0.6232439  0.3993398  0.2977098  0.4559853
12.4291365  58.5601244  48.9469145  33.3199325  22.7400985  35.5503075  0.0782321  0.0073566  0.6105924  0.4396985  0.3036488  0.3468098
12.4222717  64.6459316  45.1356980  35.4434060  22.6431725  35.1212200  0.0711495  0.0081843  0.4888400  0.4488028  0.2904120  0.3713654
12.4291098  70.8671078  47.0513475  34.8346640  22.7313043  34.8898265  0.0818083  0.0091494  0.4469601  0.3642917  0.3036771  0.3733271
12.4213150  77.1076270  48.2026355  36.4040155  24.1680700  34.6671915  0.0688852  0.0098309  0.5078565  0.4945579  0.3805013  0.4519349
12.4200426  84.1625877  51.3018870  33.1507255  23.1991275  36.2144315  0.0811243  0.0110944  0.5759451  0.5306379  0.3805297  0.6014973
12.4160117  91.2485605  49.2338605  34.4262960  22.5119110  38.0232835  0.0747348  0.0125286  0.4678209  0.5339529  0.3414418  0.4975210
12.4198418  98.3181979  49.9489680  34.0097590  23.1124865  36.0998190  0.0787403  0.0137969  0.5709175  0.4009318  0.3854449  0.4388860
12.4223546  105.9800719  49.7120535  36.0376370  23.9183865  37.9086165  0.0812301  0.0147149  0.6101710  0.4809143  0.4491729  0.5245799
12.4139687  114.2872162  48.9379757  33.8598613  22.9231472  34.3711428  0.0813661  0.0163116  0.4702467  0.4805622  0.4131479  0.4507895
12.4050773  123.8862574  50.5804760  38.8608065  24.3224280  40.5294000  0.0763266  0.0184917  0.4794524  0.4201402  0.5268311  0.4426829
12.4217523  134.7149459  51.8862765  34.7314820  25.5130890  36.9974495  0.0853096  0.0215128  0.5246088  0.5832672  0.5449267  0.4424079
12.4157085  147.1456149  51.3359355  34.8412080  22.9573150  37.0602670  0.0987421  0.0238047  0.5531419  0.5291386  0.5225708  0.4780184
12.4015973  160.9360612  51.1395725  37.2705535  26.2604110  36.1980060  0.0872515  0.0272761  0.4019938  0.4383040  0.5929564  0.5155020
12.3948217  178.8780599  53.1021230  36.8303585  26.4795285  36.2642395  0.0790314  0.0322299  0.6322924  0.3705073  0.6439049  0.5387237
12.9406741  2.7311369  45.4895918  30.0290210  22.3355297  34.1097745  0.0916439  0.0003582  0.6799110  0.3726854  0.0736067  0.4221810
12.9362638  8.3674713  47.1462330  36.3707190  22.2936130  34.1525365  0.0795307  0.0009159  0.5308894  0.4098173  0.1295075  0.4402875
12.9359553  13.8598489  50.0308620  31.7362580  21.7638230  36.9880625  0.0785881  0.0015903  0.6856334  0.4442599  0.1524363  0.4132267
12.9396141  19.7541050  50.3328330  32.1399620  22.0642145  35.2560340  0.0827039  0.0022741  0.4874071  0.4154751  0.1462536  0.3723796
12.9439689  25.1196221  50.0378530  31.8101370  21.5787675  33.2768295  0.0786107  0.0030515  0.5202892  0.4833729  0.2083844  0.4617636
12.9409277  30.5818239  50.8542935  32.1968685  23.1490125  33.7855445  0.0752332  0.0034690  0.4841513  0.4605449  0.2067091  0.5232370
12.9397820  35.8518549  50.6658612  37.2033133  23.9172003  38.5166442  0.0747868  0.0042778  0.5656806  0.5027346  0.2736545  0.4267010
12.9445926  41.4593661  48.4759480  34.9331260  23.9967880  37.6360910  0.0755097  0.0046572  0.4161313  0.5177332  0.2115802  0.4567587
12.9413315  47.2774163  47.6646170  35.4060315  22.1549605  38.3947585  0.0749907  0.0057544  0.4819943  0.3848818  0.3557470  0.4415775
12.9348804  52.7940565  48.4402025  34.8631550  22.5428895  37.3055655  0.0784115  0.0063776  0.5514861  0.4007039  0.3106295  0.4420512
12.9445908  58.4025642  46.3128160  33.7761885  22.4170125  35.6713405  0.0779863  0.0069815  0.4746375  0.5095075  0.2923976  0.4623157
12.9425086  64.5048174  48.6845540  34.2899285  23.1204850  33.9600230  0.0811259  0.0079038  0.5133308  0.4413598  0.2839273  0.3561301
12.9379731  70.5496438  51.1690145  38.5524905  23.2971795  37.3766370  0.0795565  0.0084774  0.5625855  0.4330094  0.2830380  0.5309038
12.9368434  76.7483333  51.1232905  33.9406135  23.8402410  37.7702350  0.0822474  0.0094709  0.4379169  0.5357072  0.3602503  0.3635389
12.9370089  83.0075234  51.2535825  36.0136305  25.1650770  35.6073945  0.0862530  0.0102999  0.5633299  0.3670056  0.3937388  0.5086215
12.9353909  89.9512538  47.8473795  37.4410440  24.2046675  38.0539260  0.0863404  0.0117554  0.5344339  0.5264047  0.4286609  0.4400823
12.9360682  97.2540995  49.7558875  36.8522760  22.5238745  34.2139385  0.0944021  0.0133805  0.5270923  0.5790975  0.4117713  0.4865240
12.9393214  105.0394445  50.2585060  34.7117750  23.0712515  35.3672445  0.0877155  0.0146001  0.5243134  0.4228230  0.4969705  0.5295820
12.9354191  113.3702692  48.8390660  36.9692680  24.3186047  36.6288775  0.0876800  0.0154502  0.4794386  0.4304913  0.5140371  0.4679533
12.9383468  122.4050253  47.2295100  36.1084355  23.3989920  36.3094460  0.1004981  0.0183733  0.4784183  0.5868450  0.4250099  0.5338029
12.9373172  132.2944014  49.9907900  39.1387540  22.9316540  34.1849310  0.0978123  0.0196631  0.4732402  0.4175150  0.5646721  0.5828759
12.9403578  144.1016155  48.9205155  35.2835125  23.5528580  33.5045790  0.0962622  0.0222007  0.4725564  0.4509706  0.5981242  0.4545060
12.9388739  157.8923421  49.2141775  34.5059650  22.3761735  36.3562480  0.1008502  0.0262577  0.5331611  0.4604922  0.5975167  0.5302927
12.9370845  176.3338160  48.6816705  39.6711750  24.9486020  35.8054430  0.1055974  0.0305278  0.5452765  0.4300344  0.5654948  0.4990837
